16 0 17 1 18 2 19 3 20 4 21 5 22 6 23 7 24 8 25 9 26 10 27 11 28 12 29 13 30 14 31 15 
7 15 23 31 5 13 19 27 1 9 21 29 3 11 17 25 6 14 16 24 20 28 2 10 22 30 4 12 18 26 0 8 
28 21 27 20 26 19 29 22 25 18 31 16 30 23 24 17 15 3 
4 29 1 26 0 25 13 21 31 17 5 30 15 23 3 28 12 20 7 24 8 16 10 18 
15 28 31 19 7 27 
6 20 7 28 15 4 
6 31 7 25 11 19 15 1 9 17 2 27 14 22 
14 7 13 6 12 5 10 3 11 4 15 0 8 1 9 2 31 20 
7 15 5 13 23 31 19 27 1 9 3 11 21 29 17 25 6 14 16 24 20 28 2 10 22 30 4 12 18 26 0 8 
16 0 17 1 18 2 19 3 20 4 21 5 22 6 23 7 24 8 25 9 26 10 27 11 28 12 29 13 30 14 31 15 
