0 16 1 17 2 18 3 19 4 20 5 21 6 22 7 23 8 24 9 25 10 26 11 27 12 28 13 29 14 30 15 31 
0 8 1 9 2 10 3 11 4 12 5 13 6 14 7 15 16 24 17 25 18 26 19 27 20 28 21 29 22 30 23 31 
12 5 9 2 11 4 13 6 10 3 14 7 15 0 8 1 31 20 
17 10 16 9 24 0 20 13 15 3 18 11 21 14 19 12 23 8 31 7 26 2 22 1 
23 9 31 13 
15 4 31 17 23 11 
22 15 31 19 23 12 28 4 29 5 30 6 25 1 27 3 
30 23 29 22 26 19 27 20 25 18 24 17 28 21 31 16 15 1 
0 8 1 9 2 10 3 11 4 12 5 13 6 14 7 15 16 24 17 25 18 26 19 27 20 28 21 29 22 30 23 31 
0 16 1 17 2 18 3 19 4 20 5 21 6 22 7 23 8 24 9 25 10 26 11 27 12 28 13 29 14 30 15 31 
