0 16 1 17 2 18 3 19 4 20 5 21 6 22 7 23 8 24 9 25 10 26 11 27 12 28 13 29 14 30 15 31 
8 0 9 1 10 2 11 3 12 4 13 5 14 6 15 7 16 24 17 25 18 26 19 27 20 28 21 29 22 30 23 31 
16 21 0 5 17 22 8 9 15 13 24 29 20 12 4 11 1 6 26 2 25 28 3 10 7 14 18 23 
24 27 9 14 31 29 4 12 21 0 1 11 22 19 23 30 8 13 16 5 6 3 15 10 17 7 28 25 26 20 
9 12 6 14 8 11 26 16 10 13 23 19 7 5 20 17 0 4 24 25 21 15 30 3 31 27 18 2 
19 18 1 14 26 0 24 17 13 9 21 2 22 5 4 15 30 20 23 6 8 12 25 16 7 11 28 10 31 3 
25 23 0 6 2 9 31 26 24 15 30 19 7 13 16 1 21 12 5 8 17 11 20 4 28 18 22 3 
21 7 2 12 20 3 22 13 16 11 28 23 30 15 19 4 
7 20 18 21 16 8 25 11 28 24 13 10 
24 2 20 6 23 0 16 7 
0 1 6 10 24 21 16 4 25 17 23 2 22 8 7 20 
1 10 2 8 23 4 20 15 24 11 17 9 26 3 27 14 21 7 16 22 
26 22 29 25 30 23 27 31 7 2 17 0 11 15 20 9 18 1 19 6 5 13 12 8 3 10 28 4 
27 18 23 13 29 30 22 11 6 7 24 0 10 9 1 4 17 20 5 2 31 14 28 25 19 21 26 8 
23 20 4 8 0 10 14 11 2 1 22 18 29 26 3 6 17 7 21 13 28 19 25 16 27 30 
7 14 28 22 5 1 26 25 23 31 4 0 17 16 29 8 3 10 24 11 18 13 6 15 21 30
20 25 18 27 17 28 30 26 19 31 16 24 21 29 22 23 9 1 15 6 12 4 13 2 11 3 8 0 10 5 14 7 
1 20 6 18 4 17 2 30 3 19 0 16 5 21 7 22 9 25 15 27 12 28 13 26 11 31 8 24 10 29 14 23 