0 16 1 17 2 18 3 19 4 20 5 21 6 22 7 23 8 24 9 25 10 26 11 27 12 28 13 29 14 30 15 31 
11 12 7 0 3 4 15 8 21 25 23 10 27 6 17 29 9 5 16 28 20 24 13 1 31 22 2 14 18 30 
14 13 29 16 1 7 31 19 28 12 15 3 25 23 22 17 9 2 4 8 6 10 27 26 18 21 24 11 
7 11 25 10 31 26 5 14 18 15 28 1 12 0 23 8 20 9 27 2 24 17 6 4 22 16 
12 15 8 13 19 22 27 21 0 9 25 31 1 4 10 11 29 5 17 20 23 28 26 18 30 14 24 3 
25 0 13 4 29 26 27 8 24 14 1 2 3 15 31 9 10 7 22 18 19 12 30 6 23 20 
2 15 22 9 18 5 23 25 30 4 19 10 29 8 21 13 3 6 27 20 16 31 24 12 14 0 28 7 
9 13 27 25 0 23 24 15 22 31 5 2 14 4 21 3 20 12 28 26 
28 27 23 7 26 4 30 5 19 9 24 14 18 25 0 6 
27 22 
26 22 
22 24 25 12 29 2 19 4 
24 25 21 0 14 6 28 23 29 1 30 3 19 7 18 9 22 26 
21 28 31 6 30 18 22 1 19 25 2 12 27 16 11 8 4 7 24 14 9 13 0 23 
25 5 9 7 24 31 8 14 23 16 10 11 1 13 21 29 3 0 30 27 17 12 26 4 22 2 18 6 
7 2 20 25 24 13 1 11 27 21 15 6 0 12 14 5 16 26 19 18 23 3 29 28 10 9 31 4 
22 29 0 10 18 28 2 14 27 19 26 15 17 4 20 24 23 12 6 13 30 1 8 11 9 7 
28 30 23 31 10 1 11 15 0 3 20 18 17 22 26 27 2 5 21 29 8 4 24 7 9 14 16 13 
20 21 24 23 27 17 26 22 15 0 12 3 31 19 18 30 7 8 2 9 25 28 6 10 16 29 13 1 4 11 
11 20 1 22 5 25 0 19 3 26 9 21 6 16 8 28 12 27 14 23 10 29 7 30 4 24 13 17 2 18 15 31 