0 16 1 17 2 18 3 19 4 20 5 21 6 22 7 23 8 24 9 25 10 26 11 27 12 28 13 29 14 30 15 31 
0 8 1 9 2 10 3 11 4 12 5 13 6 14 7 15 16 24 17 25 18 26 19 27 20 28 21 29 22 30 23 31 
9 1 14 5 12 3 18 21 17 20 13 4 16 19 24 27 10 2 25 28 7 11 30 26 15 6 
9 12 13 10 15 4 16 17 7 1 20 19 29 25 14 11 8 6 0 2 22 18 30 27 28 5 26 21 
22 17 30 29 1 2 9 13 14 3 18 10 28 6 11 7 5 4 25 20 21 16 24 19 12 0 31 8 
17 13 29 19 10 7 28 1 15 11 24 2 30 3 31 8 20 23 12 6 27 0 25 9 21 14 
11 0 21 15 25 17 1 5 26 29 10 8 28 4 27 3 7 18 19 9 23 12 24 14 
20 17 26 15 27 1 25 3 23 18 11 6 10 9 29 14 
17 7 29 3 
18 11 23 17 15 13 29 24 30 5 0 3 31 1 
24 17 25 10 31 30 15 14 21 3 12 11 7 18 0 1 26 13 
24 10 21 12 11 0 29 4 7 9 16 13 26 17 19 22 31 25 27 30 15 3 
24 21 27 19 16 10 3 6 29 11 28 20 8 7 25 15 31 23 5 4 18 12 22 14 17 9 
29 18 31 19 20 22 3 1 5 0 28 10 25 24 7 14 23 15 8 13 27 17 16 12 26 4 
30 17 24 26 28 31 14 9 29 20 18 16 12 15 27 21 6 1 13 8 4 11 22 10 2 0 23 19 
18 24 19 30 20 28 21 29 22 27 23 31 16 25 17 26 2 13 3 14 11 12 0 10 6 7 4 15 5 8 1 9 
2 18 3 19 11 20 0 21 6 22 4 23 5 16 1 17 13 24 14 30 12 28 10 29 7 27 15 31 8 25 9 26 