0 16 1 17 2 18 3 19 4 20 5 21 6 22 7 23 8 24 9 25 10 26 11 27 12 28 13 29 14 30 15 31 
31 10 30 9 19 6 18 5 24 20 17 27 13 7 4 8 23 26 2 15 22 25 1 11 16 28 14 3 29 12 
29 23 4 13 7 3 22 16 17 21 25 18 8 2 15 6 0 1 11 5 27 12 
22 26 20 16 18 17 9 5 1 4 13 0 27 31 10 3 25 24 28 19 6 2 23 7 15 14 8 11 
29 5 6 11 20 28 24 16 15 9 14 13 18 26 21 4 8 12 17 1 19 22 23 25 31 0 10 2 
23 27 5 1 17 19 2 14 18 0 4 6 13 11 16 22 20 29 21 28 25 15 30 7 10 12 
9 4 21 26 28 22 16 7 27 14 23 19 17 3 31 18 6 0 25 30 29 2 1 13 20 10 15 11 
28 31 25 16 4 13 0 8 19 20 27 24 11 9 29 18 7 15 23 3 5 2 22 26 10 12 
13 9 20 0 23 6 22 15 29 31 3 2 24 4 26 16 25 11 5 8 18 21 27 10 
25 9 22 29 3 13 18 0 30 31 21 2 16 4 15 11 26 5 
27 30 31 25 22 10 29 17 
30 25 26 27 
26 22 30 11 0 3 18 2 
22 19 21 0 10 11 29 2 31 17 16 8 6 13 27 30 
21 31 25 15 10 12 29 3 30 16 19 5 0 6 20 1 27 4 26 8 22 2 
16 31 10 6 5 0 27 3 19 20 29 30 21 25 24 1 22 7 26 2 
31 27 2 0 17 5 13 1 25 6 11 15 16 29 28 12 21 30 4 9 20 10 19 3 26 7 
0 10 21 28 5 7 1 11 27 17 6 4 13 3 19 23 31 9 12 15 20 2 
3 5 4 10 15 13 11 12 28 22 24 25 16 17 23 20 30 2 29 21 27 19 6 0 18 8 
25 3 11 1 22 4 30 18 17 6 31 20 21 19 16 24 15 2 27 7 23 26 12 10 
15 5 3 12 22 31 16 23 19 25 18 20 28 30 14 2 6 1 17 4 11 7 
22 0 23 5 27 15 31 13 25 18 2 3 20 26 12 14 21 29 8 6 7 4 28 16 24 30 10 9 19 17
12 18 5 28 0 20 11 21 1 24 8 29 2 23 9 22 10 30 4 17 6 31 3 27 14 25 13 26 15 16 7 19