0 16 1 17 2 18 3 19 4 20 5 21 6 22 7 23 8 24 9 25 10 26 11 27 12 28 13 29 14 30 15 31 
8 12 9 13 26 18 22 30 19 27 24 17 4 0 23 31 5 1 25 29 15 7 28 21 14 10 3 11 16 20 2 6 
17 21 12 1 30 19 0 13 18 23 8 3 15 14 10 9 31 27 24 28 6 5 22 26 4 2 20 7 29 11 
31 16 18 26 19 23 12 0 4 14 8 5 2 15 1 10 17 30 27 20 28 24 21 25 29 7 11 9 13 6 22 3 
22 14 23 13 11 4 27 28 21 0 29 24 19 3 17 6 18 2 12 9 7 15 25 30 16 8 20 31 26 5 
31 30 1 4 14 8 29 10 17 11 3 15 20 12 13 5 24 22 16 2 28 18 21 6 27 19 23 9 26 0 
31 12 29 26 14 3 25 4 0 2 20 19 27 8 23 22 28 17 21 5 30 9 18 11 
0 6 30 3 20 22 25 9 12 15 31 14 27 5 26 11 29 18 
0 11 29 9 30 18 12 14 26 5 
26 9 20 0 11 14 
28 11 29 30 0 9 26 18 12 5 
30 2 0 8 18 14 12 3 23 5 25 22 29 15 28 31 27 9 
26 0 30 7 23 12 31 4 14 2 16 9 19 8 21 3 20 17 18 15 28 6 25 11 27 22 
17 18 11 12 13 6 31 19 27 26 24 5 16 3 30 4 21 8 0 7 29 22 23 14 28 9 25 15 20 2 
7 12 31 25 13 14 22 15 19 4 27 23 24 11 1 2 0 10 28 26 16 30 21 18 17 3 29 5 20 6 
23 1 12 0 15 6 27 29 20 13 4 9 8 14 22 30 31 24 18 25 21 16 26 17 19 5 11 3 
9 13 5 3 6 8 10 2 18 29 14 12 31 27 16 20 19 23 22 26 4 0 30 25 21 11 24 7 28 1 17 15 
2 7 8 11 22 0 30 12 26 4 25 14 13 6 17 21 19 27 20 29 16 18 23 31 5 1 3 10 24 28 9 15
3 25 7 23 14 28 13 29 10 30 8 19 12 24 9 18 6 26 2 31 4 20 5 21 15 22 11 27 0 16 1 17 