0 16 1 17 2 18 3 19 4 20 5 21 6 22 7 23 8 24 9 25 10 26 11 27 12 28 13 29 14 30 15 31 
10 4 6 8 14 0 2 12 22 24 30 16 18 28 26 20 3 13 7 9 11 5 15 1 31 17 19 29 23 25 27 21 
25 22 29 18 21 26 17 30 1 14 13 2 5 10 9 6 8 11 12 15 4 7 0 3 24 27 16 19 28 31 20 23 
28 25 24 29 16 21 20 17 3 11 7 15 30 1 22 9 26 5 18 13 23 10 31 2 27 6 19 14 
23 16 19 20 31 24 27 28 4 12 0 8 17 18 21 22 15 6 11 2 1 3 25 26 13 7 29 30 9 10 
11 4 22 12 18 8 15 0 20 27 1 2 16 31 24 23 28 19 9 3 5 6 13 14 30 10 26 7 
26 8 15 14 29 4 25 0 17 20 21 16 11 10 30 12 31 3 5 7 
21 12 17 8 4 3 20 7 
8 15 12 11 
29 12 25 8 30 3 0 7 
12 9 8 13 24 11 25 14 28 15 29 10 16 3 27 7 
8 5 12 1 29 24 25 28 18 0 22 4 23 3 19 7 20 15 21 2 17 6 16 11 30 9 
7 15 3 11 16 29 20 25 28 17 24 21 4 12 0 8 26 13 30 10 18 5 22 1 
22 8 30 0 18 12 26 4 7 13 3 9 15 5 11 1 31 24 27 28 19 20 23 16 
14 8 6 0 10 12 2 4 24 13 28 9 20 1 16 5 22 31 26 19 30 23 18 27 
17 11 21 15 25 3 29 7 19 2 31 14 23 6 27 10 18 20 22 16 26 28 30 24 8 5 12 1 4 9 0 13
1 28 2 27 11 25 4 18 5 24 6 31 15 29 0 22 9 20 10 19 3 17 12 26 13 16 14 23 7 21 8 30 