16 0 17 1 18 2 19 3 20 4 21 5 22 6 23 7 24 8 25 9 26 10 27 11 28 12 29 13 30 14 31 15 
12 3 1 5 0 15 14 28 4 13 16 29 
28 24 15 29 11 21 9 31 
21 17 3 22 31 23 6 16 
26 31 5 19 13 27 18 21 
31 18 22 21 3 2 
25 31 19 22 20 28 
30 22 29 25 
25 28 17 30 
24 17 
17 31 16 30 7 18 12 5 
4 12 
7 4 27 19 6 17 
29 27 8 6 
13 29 30 26 
26 25 
20 26 
10 26 1 20 24 29 8 5 
14 10 7 15 
11 7 13 9 23 24 
6 11 
6 3 5 17 
6 29 
29 25 19 20 10 13 
7 29 28 19 
28 30 
27 30 14 7 
31 27 4 6 3 14 
14 31 
0 14 21 27 
1 21 
28 21 
24 28 
22 24 
11 22 
3 11 
1 3 
4 1 10 24 
2 10 
2 4 
2 22 
0 2 9 3 
0 24 
9 0 8 28 
15 8 
8 9 22 31 
20 22 
12 20 
12 30 16 23 8 7 
12 8 15 10 
15 16 
15 14 5 13 
5 15 7 10 
10 8 23 22 28 31 
10 17 1 23 
12 1 18 16 
5 12 
11 12 3 1 19 18 
28 18 20 16 
2 20 4 25 0 11 
4 21 9 29 3 2 7 6 13 0 
0 1 8 3 14 26 17 20 
17 23 3 28 2 19 
2 5 21 17 18 30 
5 7 26 29 
27 26 0 4 
26 7 18 10 19 11 29 13 27 3 24 14 28 9 25 0 31 1 16 8 20 12 21 5 30 4 22 6 23 15 17 2 