0 16 1 17 2 18 3 19 4 20 5 21 6 22 7 23 8 24 9 25 10 26 11 27 12 28 13 29 14 30 15 31 
29 20 
31 20 
20 8 5 7 25 16 
7 6 25 14 27 16 
26 27 8 1 21 11 19 24 
17 26 9 0 18 15 13 4 
22 9 6 14 
4 6 30 31 
21 30 1 9 6 5 18 19 15 4 
14 15 23 28 
22 23 3 1 14 5 
11 3 
0 11 23 30 1 2 27 5 
10 0 5 13 
3 10 27 18 16 12 23 1 7 5 
18 3 13 15 16 6 28 21 10 8 26 14 
24 6 17 5 29 22 
31 22 24 17 12 13 2 3 
9 2 
0 9 30 8 20 26 
16 30 8 3 26 12 4 0 
19 26 30 0 
28 0 12 7 
31 28 29 10 
23 29 16 19 
19 23 
25 19 
21 25 30 24 
24 31 
27 24 
20 27 2 10 17 4 
16 27 3 12 
27 31 25 18 4 3 28 11 
25 4 11 2 29 3 
20 29 22 25 
17 22 5 12 
1 5 
30 1 11 14 15 5 26 10 
7 10 19 0 
22 19 25 23 18 29 
18 13 22 11 19 25 26 28 
29 25 8 6 15 9 2 13 28 27 
23 8 
23 20 14 8 31 2 
31 21 5 2 27 17 9 11 
17 15 12 0 
0 1 13 4 10 15 25 16 6 7 
13 20 2 19 0 27 3 26 9 25 15 29 6 31 14 30 7 21 8 24 11 16 10 18 1 17 12 28 4 23 5 22 
